#BOARDED_PLATFORMS:
11,59,67,19
417,419,59,11
418,420,75,27
19,67,420,418
3,51,419,417
421,423,60,12
12,60,68,20
20,68,424,422
34,84,92,46
84,110,118,92
110,136,144,118
136,240,248,144
240,306,329,263
306,162,170,314
162,188,196,170
188,214,222,196
214,36,48,222
7,55,502,449
243,309,367,301
301,367,365,299
449,502,501,450
15,413,514,437
289,355,353,287
287,353,351,285
285,351,349,283
283,349,347,281
281,347,345,279
437,514,513,438
438,513,512,439
439,512,511,440
440,511,510,441
23,414,526,431
277,343,341,275
275,341,339,273
273,339,337,271
271,337,335,269
431,526,525,432
432,525,524,433
433,524,523,434
442,509,414,23
297,363,361,295
295,361,359,293
293,359,357,291
291,357,355,289
451,500,499,452
452,499,498,453
453,498,497,454
454,497,413,15
267,333,331,265
265,331,317,251
435,522,521,436
436,521,79,31
