STAAD SPACE
START JOB INFORMATION
ENGINEER DATE 14-Jun-26
END JOB INFORMATION
INPUT WIDTH 79
UNIT METER KN
JOINT COORDINATES
1 0.300001 0 0.300001; 2 0.300001 0.300001 0.300001;
3 0.300001 0.851064 0.300001; 4 0.300001 1.30068 0.300001;
5 0.300001 1.83511 0.300001; 6 0.300001 2.42554 0.300001;
7 0.300001 3.60639 0.300001; 8 0.300001 3.30677 0.300001; 9 0.300001 0 1.26;
10 0.300001 0.300001 1.26; 11 0.300001 0.851064 1.26; 12 0.300001 1.30068 1.26;
13 0.300001 1.83511 1.26; 14 0.300001 2.42554 1.26; 15 0.300001 3.68511 1.26;
16 0.300001 3.38549 1.26; 17 0.300001 0 2.52; 18 0.300001 0.300001 2.52;
19 0.300001 0.851064 2.52; 20 0.300001 1.30068 2.52; 21 0.300001 1.83511 2.52;
22 0.300001 2.42554 2.52; 23 0.300001 3.76384 2.52; 24 0.300001 3.46422 2.52;
25 0.300001 0 3.78; 26 0.300001 0.300001 3.78; 27 0.300001 0.851064 3.78;
28 0.300001 1.30068 3.78; 29 0.300001 1.83511 3.78; 30 0.300001 2.42554 3.78;
31 0.300001 3.84256 3.78; 32 0.300001 3.54294 3.78; 33 0.300001 0 5.04;
34 0.300001 0.300001 5.04; 35 0.300001 0.851064 5.04; 36 0.300001 1.30068 5.04;
37 0.300001 1.83511 5.04; 38 0.300001 2.42554 5.04; 39 0.300001 3.92129 5.04;
40 0.300001 3.62167 5.04; 41 0.300001 0 6.3; 42 0.300001 0.300001 6.3;
43 0.300001 0.851064 6.3; 44 0.300001 1.30068 6.3; 45 0.300001 1.83511 6.3;
46 0.300001 2.42554 6.3; 47 0.300001 4.00001 6.3; 48 0.300001 3.70039 6.3;
49 0.800002 0.851064 0.300001; 50 0.800002 1.30068 0.300001;
53 0.800002 0.851064 1.26; 54 0.800002 1.30068 1.26; 57 0.800002 0.851064 2.52;
58 0.800002 1.30068 2.52; 61 0.800002 0.851064 3.78; 62 0.800002 1.30068 3.78;
65 0.800002 0.851064 5.04; 66 0.800002 1.30068 5.04; 69 0.800002 0.851064 6.3;
70 0.800002 1.30068 6.3; 73 6.3 0 0.300001; 74 6.3 0.300001 0.300001;
75 6.3 0.851064 0.300001; 76 6.3 1.30068 0.300001; 77 6.3 1.83511 0.300001;
78 6.3 2.42554 0.300001; 79 6.3 3.60639 0.300001; 80 6.3 3.30677 0.300001;
82 6.3 0.300001 1.26; 83 6.3 0.851064 1.26; 87 6.3 3.68511 1.26;
88 6.3 3.38549 1.26; 90 6.3 0.300001 2.52; 91 6.3 0.851064 2.52;
95 6.3 3.76384 2.52; 96 6.3 3.46422 2.52; 98 6.3 0.300001 3.78;
99 6.3 0.851064 3.78; 103 6.3 3.84256 3.78; 104 6.3 3.54294 3.78;
106 6.3 0.300001 5.04; 107 6.3 0.851064 5.04; 111 6.3 3.92129 5.04;
112 6.3 3.62167 5.04; 113 6.3 0 6.3; 114 6.3 0.300001 6.3;
115 6.3 0.851064 6.3; 116 6.3 1.30068 6.3; 117 6.3 1.83511 6.3;
118 6.3 2.42554 6.3; 119 6.3 4.00001 6.3; 120 6.3 3.70039 6.3;
121 1.26 0 0.300001; 122 1.26 0.300001 0.300001; 123 1.26 0.851064 0.300001;
124 1.26 1.30068 0.300001; 125 1.26 1.83511 0.300001;
126 1.26 2.42554 0.300001; 127 1.26 3.60639 0.300001;
128 1.26 3.30677 0.300001; 129 1.26 0 6.3; 130 1.26 0.300001 6.3;
131 1.26 0.851064 6.3; 132 1.26 1.30068 6.3; 133 1.26 1.83511 6.3;
134 1.26 2.42554 6.3; 135 1.26 4.00001 6.3; 136 1.26 3.70039 6.3;
137 1.26 0 1.26; 138 1.26 0.300001 1.26; 139 1.26 0.851064 1.26;
140 1.26 0 2.52; 141 1.26 0.300001 2.52; 142 1.26 0.851064 2.52;
143 1.26 0 3.78; 144 1.26 0.300001 3.78; 145 1.26 0.851064 3.78;
146 1.26 0 5.04; 147 1.26 0.300001 5.04; 148 1.26 0.851064 5.04;
149 1.26 0.851064 0.800002; 150 1.26 0.851064 5.8; 151 1.26 1.30068 0.800002;
152 1.26 1.30068 5.8; 153 5.04 0 0.300001; 154 5.04 0.300001 0.300001;
155 5.04 0.851064 0.300001; 156 5.04 1.30068 0.300001;
157 5.04 1.83511 0.300001; 158 5.04 2.42554 0.300001;
159 5.04 3.60639 0.300001; 160 5.04 3.30677 0.300001; 161 5.04 0 6.3;
162 5.04 0.300001 6.3; 163 5.04 0.851064 6.3; 164 5.04 1.30068 6.3;
165 5.04 1.83511 6.3; 166 5.04 2.42554 6.3; 167 5.04 4.00001 6.3;
168 5.04 3.70039 6.3; 169 5.04 0 1.26; 170 5.04 0.300001 1.26;
171 5.04 0.851064 1.26; 172 5.04 0 2.52; 173 5.04 0.300001 2.52;
174 5.04 0.851064 2.52; 175 5.04 0 3.78; 176 5.04 0.300001 3.78;
177 5.04 0.851064 3.78; 178 5.04 0 5.04; 179 5.04 0.300001 5.04;
180 5.04 0.851064 5.04; 181 5.04 0.851064 0.800002; 182 5.04 0.851064 5.8;
183 5.04 1.30068 0.800002; 184 5.04 1.30068 5.8; 185 2.52 0 0.300001;
186 2.52 0.300001 0.300001; 187 2.52 0.851064 0.300001;
188 2.52 1.30068 0.300001; 189 2.52 1.83511 0.300001;
190 2.52 2.42554 0.300001; 191 2.52 3.60639 0.300001;
192 2.52 3.30677 0.300001; 193 2.52 0 6.3; 194 2.52 0.300001 6.3;
195 2.52 0.851064 6.3; 196 2.52 1.30068 6.3; 197 2.52 1.83511 6.3;
198 2.52 2.42554 6.3; 199 2.52 4.00001 6.3; 200 2.52 3.70039 6.3;
201 2.52 2.81916 6.3; 202 2.52 3.7166 6.3; 203 2.52 0 1.26;
204 2.52 0.300001 1.26; 205 2.52 0.851064 1.26; 206 2.52 0 2.52;
207 2.52 0.300001 2.52; 208 2.52 0.851064 2.52; 209 2.52 0 3.78;
210 2.52 0.300001 3.78; 211 2.52 0.851064 3.78; 212 2.52 0 5.04;
213 2.52 0.300001 5.04; 214 2.52 0.851064 5.04; 215 2.52 0.851064 0.800002;
216 2.52 0.851064 5.8; 217 2.52 1.30068 0.800002; 218 2.52 1.30068 5.8;
219 2.52 3.98141 6.00232; 220 2.52 3.68179 6.00232; 221 2.52 3.96281 5.70464;
222 2.52 3.66319 5.70464; 223 2.52 3.94421 5.40695; 224 2.52 3.64459 5.40695;
225 2.52 3.92561 5.10927; 226 2.52 3.62599 5.10927; 227 2.52 3.90702 4.81159;
228 2.52 3.60739 4.81159; 229 2.52 3.88842 4.51391; 230 2.52 3.5888 4.51391;
231 2.52 3.86982 4.21623; 232 2.52 3.5702 4.21623; 233 2.52 3.85122 3.91854;
234 2.52 3.5516 3.91854; 235 2.52 3.83262 3.62086; 236 2.52 3.533 3.62086;
237 2.52 3.81402 3.32318; 238 2.52 3.5144 3.32318; 239 2.52 3.79542 3.0255;
240 2.52 3.4958 3.0255; 241 2.52 3.77682 2.72782; 242 2.52 3.4772 2.72782;
243 2.52 3.75822 2.43013; 244 2.52 3.4586 2.43013; 245 2.52 3.73962 2.13245;
246 2.52 3.44 2.13245; 247 2.52 3.72102 1.83477; 248 2.52 3.4214 1.83477;
249 2.52 3.70243 1.53709; 250 2.52 3.40281 1.53709; 251 2.52 3.68383 1.23941;
252 2.52 3.38421 1.23941; 253 2.52 3.66523 0.941724; 254 2.52 3.36561 0.941724;
255 2.52 3.64663 0.644042; 256 2.52 3.34701 0.644042; 257 2.52 3.62803 0.34636;
258 2.52 3.32841 0.34636; 259 3.78 0 0.300001; 260 3.78 0.300001 0.300001;
261 3.78 0.851064 0.300001; 262 3.78 1.30068 0.300001;
263 3.78 1.83511 0.300001; 264 3.78 2.42554 0.300001;
265 3.78 3.60639 0.300001; 266 3.78 3.30677 0.300001; 267 3.78 0 6.3;
268 3.78 0.300001 6.3; 269 3.78 0.851064 6.3; 270 3.78 1.30068 6.3;
271 3.78 1.83511 6.3; 272 3.78 2.42554 6.3; 273 3.78 4.00001 6.3;
274 3.78 3.70039 6.3; 275 3.78 2.81916 6.3; 276 3.78 3.7166 6.3;
277 3.78 0 1.26; 278 3.78 0.300001 1.26; 279 3.78 0.851064 1.26;
280 3.78 0 2.52; 281 3.78 0.300001 2.52; 282 3.78 0.851064 2.52;
283 3.78 0 3.78; 284 3.78 0.300001 3.78; 285 3.78 0.851064 3.78;
286 3.78 0 5.04; 287 3.78 0.300001 5.04; 288 3.78 0.851064 5.04;
289 3.78 0.851064 0.800002; 290 3.78 0.851064 5.8; 291 3.78 1.30068 0.800002;
292 3.78 1.30068 5.8; 293 3.78 3.98141 6.00232; 294 3.78 3.68179 6.00232;
295 3.78 3.96281 5.70464; 296 3.78 3.66319 5.70464; 297 3.78 3.94421 5.40695;
298 3.78 3.64459 5.40695; 299 3.78 3.92561 5.10927; 300 3.78 3.62599 5.10927;
301 3.78 3.90702 4.81159; 302 3.78 3.60739 4.81159; 303 3.78 3.88842 4.51391;
304 3.78 3.5888 4.51391; 305 3.78 3.86982 4.21623; 306 3.78 3.5702 4.21623;
307 3.78 3.85122 3.91854; 308 3.78 3.5516 3.91854; 309 3.78 3.83262 3.62086;
310 3.78 3.533 3.62086; 311 3.78 3.81402 3.32318; 312 3.78 3.5144 3.32318;
313 3.78 3.79542 3.0255; 314 3.78 3.4958 3.0255; 315 3.78 3.77682 2.72782;
316 3.78 3.4772 2.72782; 317 3.78 3.75822 2.43013; 318 3.78 3.4586 2.43013;
319 3.78 3.73962 2.13245; 320 3.78 3.44 2.13245; 321 3.78 3.72102 1.83477;
322 3.78 3.4214 1.83477; 323 3.78 3.70243 1.53709; 324 3.78 3.40281 1.53709;
325 3.78 3.68383 1.23941; 326 3.78 3.38421 1.23941; 327 3.78 3.66523 0.941724;
328 3.78 3.36561 0.941724; 329 3.78 3.64663 0.644042;
330 3.78 3.34701 0.644042; 331 3.78 3.62803 0.34636; 332 3.78 3.32841 0.34636;
334 0.800002 1.30068 0.800002; 336 0.800002 1.30068 5.8; 341 1.26 3.68511 1.26;
342 1.26 3.38549 1.26; 343 1.26 3.76384 2.52; 344 1.26 3.46422 2.52;
345 1.26 3.84256 3.78; 346 1.26 3.54294 3.78; 347 1.26 3.92129 5.04;
348 1.26 3.62167 5.04; 349 2.52 3.68511 1.26; 350 2.52 3.38549 1.26;
351 2.52 3.76384 2.52; 352 2.52 3.46422 2.52; 353 2.52 3.84256 3.78;
354 2.52 3.54294 3.78; 355 2.52 3.92129 5.04; 356 2.52 3.62167 5.04;
357 3.78 3.68511 1.26; 358 3.78 3.38549 1.26; 359 3.78 3.76384 2.52;
360 3.78 3.46422 2.52; 361 3.78 3.84256 3.78; 362 3.78 3.54294 3.78;
363 3.78 3.92129 5.04; 364 3.78 3.62167 5.04; 365 5.04001 3.68511 1.26;
366 5.04001 3.38549 1.26; 367 5.04001 3.76384 2.52; 368 5.04001 3.46422 2.52;
369 5.04001 3.84256 3.78; 370 5.04001 3.54294 3.78; 371 5.04001 3.92129 5.04;
372 5.04001 3.62167 5.04; 373 0.300001 0.851064 0.800002;
374 0.300001 0.851064 5.8; 377 0.300001 1.30068 0.800002;
378 0.300001 1.30068 5.8; 383 11.8 0.851064 0.300001;
384 11.8 1.30068 0.300001; 387 11.8 0.851064 1.26; 388 11.8 1.30068 1.26;
391 11.8 0.851064 2.52; 392 11.8 1.30068 2.52; 395 11.8 0.851064 3.78;
396 11.8 1.30068 3.78; 399 11.8 0.851064 5.04; 400 11.8 1.30068 5.04;
403 11.8 0.851064 6.3; 404 11.8 1.30068 6.3; 405 12.3 0 0.300001;
406 12.3 0.300001 0.300001; 407 12.3 0.851064 0.300001;
408 12.3 1.30068 0.300001; 409 12.3 1.83511 0.300001;
410 12.3 2.42554 0.300001; 411 12.3 3.60639 0.300001;
412 12.3 3.30677 0.300001; 413 12.3 0 1.26; 414 12.3 0.300001 1.26;
415 12.3 0.851064 1.26; 416 12.3 1.30068 1.26; 417 12.3 1.83511 1.26;
418 12.3 2.42554 1.26; 419 12.3 3.68511 1.26; 420 12.3 3.38549 1.26;
421 12.3 0 2.52; 422 12.3 0.300001 2.52; 423 12.3 0.851064 2.52;
424 12.3 1.30068 2.52; 425 12.3 1.83511 2.52; 426 12.3 2.42554 2.52;
427 12.3 3.76384 2.52; 428 12.3 3.46422 2.52; 429 12.3 0 3.78;
430 12.3 0.300001 3.78; 431 12.3 0.851064 3.78; 432 12.3 1.30068 3.78;
433 12.3 1.83511 3.78; 434 12.3 2.42554 3.78; 435 12.3 3.84256 3.78;
436 12.3 3.54294 3.78; 437 12.3 0 5.04; 438 12.3 0.300001 5.04;
439 12.3 0.851064 5.04; 440 12.3 1.30068 5.04; 441 12.3 1.83511 5.04;
442 12.3 2.42554 5.04; 443 12.3 3.92129 5.04; 444 12.3 3.62167 5.04;
445 12.3 0 6.3; 446 12.3 0.300001 6.3; 447 12.3 0.851064 6.3;
448 12.3 1.30068 6.3; 449 12.3 1.83511 6.3; 450 12.3 2.42554 6.3;
451 12.3 4.00001 6.3; 452 12.3 3.70039 6.3; 453 7.56001 0 0.300001;
454 7.56001 0.300001 0.300001; 455 7.56001 0.851064 0.300001;
456 7.56001 1.30068 0.300001; 457 7.56001 1.83511 0.300001;
458 7.56001 2.42554 0.300001; 459 7.56001 3.60639 0.300001;
460 7.56001 3.30677 0.300001; 461 7.56001 0 6.3; 462 7.56001 0.300001 6.3;
463 7.56001 0.851064 6.3; 464 7.56001 1.30068 6.3; 465 7.56001 1.83511 6.3;
466 7.56001 2.42554 6.3; 467 7.56001 4.00001 6.3; 468 7.56001 3.70039 6.3;
469 7.56001 0 1.26; 470 7.56001 0.300001 1.26; 471 7.56001 0.851064 1.26;
472 7.56001 0 2.52; 473 7.56001 0.300001 2.52; 474 7.56001 0.851064 2.52;
475 7.56001 0 3.78; 476 7.56001 0.300001 3.78; 477 7.56001 0.851064 3.78;
478 7.56001 0 5.04; 479 7.56001 0.300001 5.04; 480 7.56001 0.851064 5.04;
481 7.56001 0.851064 0.800002; 482 7.56001 0.851064 5.8;
483 7.56001 1.30068 0.800002; 484 7.56001 1.30068 5.8; 485 11.34 0 0.300001;
486 11.34 0.300001 0.300001; 487 11.34 0.851064 0.300001;
488 11.34 1.30068 0.300001; 489 11.34 1.83511 0.300001;
490 11.34 2.42554 0.300001; 491 11.34 3.60639 0.300001;
492 11.34 3.30677 0.300001; 493 11.34 0 6.3; 494 11.34 0.300001 6.3;
495 11.34 0.851064 6.3; 496 11.34 1.30068 6.3; 497 11.34 1.83511 6.3;
498 11.34 2.42554 6.3; 499 11.34 4.00001 6.3; 500 11.34 3.70039 6.3;
501 11.34 0 1.26; 502 11.34 0.300001 1.26; 503 11.34 0.851064 1.26;
504 11.34 0 2.52; 505 11.34 0.300001 2.52; 506 11.34 0.851064 2.52;
507 11.34 0 3.78; 508 11.34 0.300001 3.78; 509 11.34 0.851064 3.78;
510 11.34 0 5.04; 511 11.34 0.300001 5.04; 512 11.34 0.851064 5.04;
513 11.34 0.851064 0.800002; 514 11.34 0.851064 5.8;
515 11.34 1.30068 0.800002; 516 11.34 1.30068 5.8; 517 8.82001 0 0.300001;
518 8.82001 0.300001 0.300001; 519 8.82001 0.851064 0.300001;
520 8.82001 1.30068 0.300001; 521 8.82001 1.83511 0.300001;
522 8.82001 2.42554 0.300001; 523 8.82001 3.60639 0.300001;
524 8.82001 3.30677 0.300001; 525 8.82001 0 6.3; 526 8.82001 0.300001 6.3;
527 8.82001 0.851064 6.3; 528 8.82001 1.30068 6.3; 529 8.82001 1.83511 6.3;
530 8.82001 2.42554 6.3; 531 8.82001 4.00001 6.3; 532 8.82001 3.70039 6.3;
533 8.82001 2.81916 6.3; 534 8.82001 3.7166 6.3; 535 8.82001 0 1.26;
536 8.82001 0.300001 1.26; 537 8.82001 0.851064 1.26; 538 8.82001 0 2.52;
539 8.82001 0.300001 2.52; 540 8.82001 0.851064 2.52; 541 8.82001 0 3.78;
542 8.82001 0.300001 3.78; 543 8.82001 0.851064 3.78; 544 8.82001 0 5.04;
545 8.82001 0.300001 5.04; 546 8.82001 0.851064 5.04;
547 8.82001 0.851064 0.800002; 548 8.82001 0.851064 5.8;
549 8.82001 1.30068 0.800002; 550 8.82001 1.30068 5.8;
551 8.82001 3.98141 6.00232; 552 8.82001 3.68179 6.00232;
553 8.82001 3.96281 5.70464; 554 8.82001 3.66319 5.70464;
555 8.82001 3.94421 5.40695; 556 8.82001 3.64459 5.40695;
557 8.82001 3.92561 5.10927; 558 8.82001 3.62599 5.10927;
559 8.82001 3.90702 4.81159; 560 8.82001 3.60739 4.81159;
561 8.82001 3.88842 4.51391; 562 8.82001 3.5888 4.51391;
563 8.82001 3.86982 4.21623; 564 8.82001 3.5702 4.21623;
565 8.82001 3.85122 3.91854; 566 8.82001 3.5516 3.91854;
567 8.82001 3.83262 3.62086; 568 8.82001 3.533 3.62086;
569 8.82001 3.81402 3.32318; 570 8.82001 3.5144 3.32318;
571 8.82001 3.79542 3.0255; 572 8.82001 3.4958 3.0255;
573 8.82001 3.77682 2.72782; 574 8.82001 3.4772 2.72782;
575 8.82001 3.75822 2.43013; 576 8.82001 3.4586 2.43013;
577 8.82001 3.73962 2.13245; 578 8.82001 3.44 2.13245;
579 8.82001 3.72102 1.83477; 580 8.82001 3.4214 1.83477;
581 8.82001 3.70243 1.53709; 582 8.82001 3.40281 1.53709;
583 8.82001 3.68383 1.23941; 584 8.82001 3.38421 1.23941;
585 8.82001 3.66523 0.941724; 586 8.82001 3.36561 0.941724;
587 8.82001 3.64663 0.644042; 588 8.82001 3.34701 0.644042;
589 8.82001 3.62803 0.34636; 590 8.82001 3.32841 0.34636; 591 10.08 0 0.300001;
592 10.08 0.300001 0.300001; 593 10.08 0.851064 0.300001;
594 10.08 1.30068 0.300001; 595 10.08 1.83511 0.300001;
596 10.08 2.42554 0.300001; 597 10.08 3.60639 0.300001;
598 10.08 3.30677 0.300001; 599 10.08 0 6.3; 600 10.08 0.300001 6.3;
601 10.08 0.851064 6.3; 602 10.08 1.30068 6.3; 603 10.08 1.83511 6.3;
604 10.08 2.42554 6.3; 605 10.08 4.00001 6.3; 606 10.08 3.70039 6.3;
607 10.08 2.81916 6.3; 608 10.08 3.7166 6.3; 609 10.08 0 1.26;
610 10.08 0.300001 1.26; 611 10.08 0.851064 1.26; 612 10.08 0 2.52;
613 10.08 0.300001 2.52; 614 10.08 0.851064 2.52; 615 10.08 0 3.78;
616 10.08 0.300001 3.78; 617 10.08 0.851064 3.78; 618 10.08 0 5.04;
619 10.08 0.300001 5.04; 620 10.08 0.851064 5.04; 621 10.08 0.851064 0.800002;
622 10.08 0.851064 5.8; 623 10.08 1.30068 0.800002; 624 10.08 1.30068 5.8;
625 10.08 3.98141 6.00232; 626 10.08 3.68179 6.00232;
627 10.08 3.96281 5.70464; 628 10.08 3.66319 5.70464;
629 10.08 3.94421 5.40695; 630 10.08 3.64459 5.40695;
631 10.08 3.92561 5.10927; 632 10.08 3.62599 5.10927;
633 10.08 3.90702 4.81159; 634 10.08 3.60739 4.81159;
635 10.08 3.88842 4.51391; 636 10.08 3.5888 4.51391; 637 10.08 3.86982 4.21623;
638 10.08 3.5702 4.21623; 639 10.08 3.85122 3.91854; 640 10.08 3.5516 3.91854;
641 10.08 3.83262 3.62086; 642 10.08 3.533 3.62086; 643 10.08 3.81402 3.32318;
644 10.08 3.5144 3.32318; 645 10.08 3.79542 3.0255; 646 10.08 3.4958 3.0255;
647 10.08 3.77682 2.72782; 648 10.08 3.4772 2.72782; 649 10.08 3.75822 2.43013;
650 10.08 3.4586 2.43013; 651 10.08 3.73962 2.13245; 652 10.08 3.44 2.13245;
653 10.08 3.72102 1.83477; 654 10.08 3.4214 1.83477; 655 10.08 3.70243 1.53709;
656 10.08 3.40281 1.53709; 657 10.08 3.68383 1.23941;
658 10.08 3.38421 1.23941; 659 10.08 3.66523 0.941724;
660 10.08 3.36561 0.941724; 661 10.08 3.64663 0.644042;
662 10.08 3.34701 0.644042; 663 10.08 3.62803 0.34636;
664 10.08 3.32841 0.34636; 667 11.8 1.30068 0.800002; 668 11.8 0.851064 5.8;
669 11.8 1.30068 5.8; 670 7.56001 3.68511 1.26; 671 7.56001 3.38549 1.26;
672 7.56001 3.76384 2.52; 673 7.56001 3.46422 2.52; 674 7.56001 3.84256 3.78;
675 7.56001 3.54294 3.78; 676 7.56001 3.92129 5.04; 677 7.56001 3.62167 5.04;
678 8.82001 3.68511 1.26; 679 8.82001 3.38549 1.26; 680 8.82001 3.76384 2.52;
681 8.82001 3.46422 2.52; 682 8.82001 3.84256 3.78; 683 8.82001 3.54294 3.78;
684 8.82001 3.92129 5.04; 685 8.82001 3.62167 5.04; 686 10.08 3.68511 1.26;
687 10.08 3.38549 1.26; 688 10.08 3.76384 2.52; 689 10.08 3.46422 2.52;
690 10.08 3.84256 3.78; 691 10.08 3.54294 3.78; 692 10.08 3.92129 5.04;
693 10.08 3.62167 5.04; 694 11.34 3.68511 1.26; 695 11.34 3.38549 1.26;
696 11.34 3.76384 2.52; 697 11.34 3.46422 2.52; 698 11.34 3.84256 3.78;
699 11.34 3.54294 3.78; 700 11.34 3.92129 5.04; 701 11.34 3.62167 5.04;
702 12.3 0.851064 0.800002; 703 12.3 0.851064 5.8; 704 12.3 1.30068 0.800002;
705 12.3 1.30068 5.8; 706 6.30001 1.30068 0.800002; 707 6.30001 1.30068 5.8;
708 6.3 0.851064 0.800002; 709 6.3 0.851064 5.8;
MEMBER INCIDENCES
1 1 2; 2 2 3; 3 3 4; 4 4 5; 5 5 6; 6 6 8; 7 9 10; 8 10 11; 9 11 12; 10 12 13;
11 13 14; 12 14 16; 13 17 18; 14 18 19; 15 19 20; 16 20 21; 17 21 22; 18 22 24;
19 25 26; 20 26 27; 21 27 28; 22 28 29; 23 29 30; 24 30 32; 25 33 34; 26 34 35;
27 35 36; 28 36 37; 29 37 38; 30 38 40; 31 41 42; 32 42 43; 33 43 44; 34 44 45;
35 45 46; 36 46 48; 37 73 74; 38 74 75; 39 75 76; 40 76 77; 41 77 78; 42 78 80;
67 113 114; 68 114 115; 69 115 116; 70 116 117; 71 117 118; 72 118 120;
73 121 122; 74 122 123; 75 123 124; 76 124 125; 77 125 126; 78 126 128;
79 129 130; 80 130 131; 81 131 132; 82 132 133; 83 133 134; 84 134 136;
85 137 138; 86 138 139; 87 140 141; 88 141 142; 89 143 144; 90 144 145;
91 146 147; 92 147 148; 93 153 154; 94 154 155; 95 155 156; 96 156 157;
97 157 158; 98 158 160; 99 161 162; 100 162 163; 101 163 164; 102 164 165;
103 165 166; 104 166 168; 105 169 170; 106 170 171; 107 172 173; 108 173 174;
109 175 176; 110 176 177; 111 178 179; 112 179 180; 113 185 186; 114 186 187;
115 187 188; 116 188 189; 117 189 190; 118 190 192; 119 193 194; 120 194 195;
121 195 196; 122 196 197; 123 197 198; 124 198 201; 125 201 200; 126 202 199;
127 203 204; 128 204 205; 129 206 207; 130 207 208; 131 209 210; 132 210 211;
133 212 213; 134 213 214; 135 259 260; 136 260 261; 137 261 262; 138 262 263;
139 263 264; 140 264 266; 141 267 268; 142 268 269; 143 269 270; 144 270 271;
145 271 272; 146 272 275; 147 275 274; 148 276 273; 149 277 278; 150 278 279;
151 280 281; 152 281 282; 153 283 284; 154 284 285; 155 286 287; 156 287 288;
157 49 50; 159 53 54; 161 57 58; 163 61 62; 165 65 66; 167 69 70; 169 215 217;
170 216 218; 171 289 291; 172 290 292; 173 149 151; 174 150 152; 175 181 183;
176 182 184; 187 2 122; 188 122 186; 189 186 260; 190 260 154; 191 154 74;
192 10 138; 193 138 204; 194 204 278; 195 278 170; 196 170 82; 197 18 141;
198 141 207; 199 207 281; 200 281 173; 201 173 90; 202 26 144; 203 144 210;
204 210 284; 205 284 176; 206 176 98; 207 34 147; 208 147 213; 209 213 287;
210 287 179; 211 179 106; 212 42 130; 213 130 194; 214 194 268; 215 268 162;
216 162 114; 217 2 10; 218 10 18; 219 18 26; 220 26 34; 221 34 42; 222 122 138;
223 138 141; 224 141 144; 225 144 147; 226 147 130; 227 186 204; 228 204 207;
229 207 210; 230 210 213; 231 213 194; 232 260 278; 233 278 281; 234 281 284;
235 284 287; 236 287 268; 237 154 170; 238 170 173; 239 173 176; 240 176 179;
241 179 162; 247 3 49; 248 123 187; 249 187 261; 250 261 155; 252 43 69;
253 131 195; 254 195 269; 255 269 163; 257 3 373; 258 11 19; 259 19 27;
260 27 35; 261 35 374; 267 11 53; 268 53 139; 269 139 205; 270 205 279;
271 279 171; 274 19 57; 275 57 142; 276 142 208; 277 208 282; 278 282 174;
281 27 61; 282 61 145; 283 145 211; 284 211 285; 285 285 177; 288 35 65;
289 65 148; 290 148 214; 291 214 288; 292 288 180; 295 187 215; 296 195 216;
297 215 205; 298 216 214; 299 261 289; 300 269 290; 301 289 279; 302 290 288;
303 123 149; 304 131 150; 305 149 139; 306 150 148; 307 155 181; 308 163 182;
309 181 171; 310 182 180; 329 334 151; 330 151 217; 331 217 291; 332 291 183;
333 183 706; 334 336 152; 335 152 218; 337 292 184; 338 184 707; 347 4 50;
348 50 124; 349 124 188; 350 188 262; 351 262 156; 352 156 76; 354 116 164;
356 164 270; 358 196 132; 359 132 70; 361 70 44; 362 4 377; 363 12 20;
364 20 28; 365 28 36; 366 36 378; 372 50 334; 373 334 54; 374 58 62;
375 336 70; 382 188 217; 383 196 218; 384 262 291; 385 270 292; 386 124 151;
387 132 152; 388 156 183; 389 164 184; 390 12 54; 392 20 58; 394 28 62;
396 36 66; 398 5 125; 399 125 189; 400 189 263; 401 263 157; 402 157 77;
403 45 133; 404 133 197; 406 271 165; 407 165 117; 408 5 13; 409 13 21;
410 21 29; 411 29 37; 412 37 45; 418 6 126; 419 126 190; 420 190 264;
421 264 158; 422 158 78; 423 46 134; 424 134 198; 426 272 166; 427 166 118;
428 6 14; 429 14 22; 430 22 30; 431 30 38; 432 38 46; 444 7 127; 445 8 128;
446 127 191; 447 128 192; 448 191 265; 449 192 266; 450 265 159; 451 266 160;
452 159 79; 453 160 80; 454 47 135; 455 48 136; 456 135 199; 457 136 200;
458 199 273; 459 200 274; 460 273 167; 461 274 168; 462 167 119; 463 168 120;
484 191 257; 485 257 255; 486 255 253; 487 253 251; 488 251 349; 489 249 247;
490 247 245; 491 245 243; 492 243 351; 493 241 239; 494 239 237; 495 237 235;
496 235 353; 497 233 231; 498 231 229; 499 229 227; 500 227 355; 501 225 223;
502 223 221; 503 221 219; 504 219 199; 505 192 258; 506 258 256; 507 256 254;
508 254 252; 509 252 350; 510 250 248; 511 248 246; 512 246 244; 513 244 352;
514 242 240; 515 240 238; 516 238 236; 517 236 354; 518 234 232; 519 232 230;
520 230 228; 521 228 356; 522 226 224; 523 224 222; 524 222 220; 525 220 200;
526 200 202; 527 191 192; 528 257 258; 529 255 256; 530 253 254; 531 251 252;
532 249 250; 533 247 248; 534 245 246; 535 243 244; 536 241 242; 537 239 240;
538 237 238; 539 235 236; 540 233 234; 541 231 232; 542 229 230; 543 227 228;
544 225 226; 545 223 224; 546 221 222; 547 219 220; 553 265 331; 554 331 329;
555 329 327; 556 327 325; 557 325 357; 558 323 321; 559 321 319; 560 319 317;
561 317 359; 562 315 313; 563 313 311; 564 311 309; 565 309 361; 566 307 305;
567 305 303; 568 303 301; 569 301 363; 570 299 297; 571 297 295; 572 295 293;
573 293 273; 574 266 332; 575 332 330; 576 330 328; 577 328 326; 578 326 358;
579 324 322; 580 322 320; 581 320 318; 582 318 360; 583 316 314; 584 314 312;
585 312 310; 586 310 362; 587 308 306; 588 306 304; 589 304 302; 590 302 364;
591 300 298; 592 298 296; 593 296 294; 594 294 274; 595 274 276; 596 265 266;
597 331 332; 598 329 330; 599 327 328; 600 325 326; 601 323 324; 602 321 322;
603 319 320; 604 317 318; 605 315 316; 606 313 314; 607 311 312; 608 309 310;
609 307 308; 610 305 306; 611 303 304; 612 301 302; 613 299 300; 614 297 298;
615 295 296; 616 293 294; 642 8 14; 643 14 4; 644 4 9; 649 16 22; 650 22 12;
651 12 17; 656 24 30; 657 30 20; 658 20 25; 663 32 38; 664 38 28; 665 28 33;
670 40 46; 671 46 36; 672 36 41; 764 201 275; 853 139 142; 854 142 145;
855 145 148; 856 205 208; 857 208 211; 858 211 214; 859 279 282; 860 282 285;
861 285 288; 862 171 174; 863 174 177; 864 177 180; 865 3 122; 866 122 187;
867 187 260; 868 155 260; 869 155 74; 870 10 139; 871 139 204; 872 204 279;
873 279 170; 874 170 83; 875 19 141; 876 141 208; 877 208 281; 878 281 174;
879 174 90; 880 26 145; 881 145 210; 882 210 285; 883 285 176; 884 176 99;
885 35 147; 886 147 214; 887 214 287; 888 287 180; 889 180 106; 890 42 131;
891 131 194; 892 194 269; 893 269 162; 894 162 115; 900 122 139; 901 139 141;
902 141 145; 903 145 147; 904 147 131; 905 187 204; 906 204 208; 907 208 210;
908 210 214; 909 214 194; 910 260 279; 911 279 281; 912 281 285; 913 285 287;
914 287 269; 915 155 170; 916 170 174; 917 174 176; 918 176 180; 919 180 162;
925 8 16; 926 16 24; 927 24 32; 928 32 40; 929 40 48; 930 7 15; 931 15 23;
932 23 31; 933 31 39; 934 39 47; 935 80 88; 936 88 96; 937 96 104; 938 104 112;
939 112 120; 940 79 87; 941 87 95; 942 95 103; 943 103 111; 944 111 119;
960 8 126; 961 126 4; 962 4 121; 963 128 190; 964 190 124; 965 124 185;
966 192 264; 967 264 188; 968 188 259; 969 266 158; 970 158 262; 971 262 153;
972 160 78; 973 78 156; 974 156 73; 975 276 201; 976 136 46; 977 46 132;
978 132 41; 979 202 134; 980 134 196; 981 196 129; 982 168 272; 983 272 164;
984 164 267; 985 120 166; 986 166 116; 987 161 116; 988 8 7; 989 16 15;
990 24 23; 991 32 31; 992 40 39; 993 48 47; 994 49 123; 997 54 58; 1001 62 66;
1005 66 336; 1008 69 131; 1011 80 79; 1012 88 87; 1013 96 95; 1014 104 103;
1015 112 111; 1016 120 119; 1017 128 127; 1018 136 135; 1019 160 159;
1020 168 167; 1029 15 341; 1030 16 342; 1031 23 343; 1032 24 344; 1033 31 345;
1034 32 346; 1035 39 347; 1036 40 348; 1037 342 341; 1038 344 343;
1039 346 345; 1040 348 347; 1041 349 249; 1042 341 349; 1043 350 250;
1044 342 350; 1045 351 241; 1046 343 351; 1047 352 242; 1048 344 352;
1049 353 233; 1050 345 353; 1051 354 234; 1052 346 354; 1053 355 225;
1054 347 355; 1055 356 226; 1056 348 356; 1057 350 349; 1058 352 351;
1059 354 353; 1060 356 355; 1061 357 323; 1062 349 357; 1063 358 324;
1064 350 358; 1065 359 315; 1066 351 359; 1067 360 316; 1068 352 360;
1069 361 307; 1070 353 361; 1071 362 308; 1072 354 362; 1073 363 299;
1074 355 363; 1075 364 300; 1076 356 364; 1077 358 357; 1078 360 359;
1079 362 361; 1080 364 363; 1081 357 365; 1082 358 366; 1083 359 367;
1084 360 368; 1085 361 369; 1086 362 370; 1087 363 371; 1088 364 372;
1089 366 365; 1090 368 367; 1091 370 369; 1092 372 371; 1093 365 87;
1094 366 88; 1095 367 95; 1096 368 96; 1097 369 103; 1098 370 104;
1099 371 111; 1100 372 112; 1101 127 341; 1102 341 343; 1103 345 343;
1104 345 347; 1105 347 135; 1106 128 342; 1107 342 344; 1108 344 346;
1109 346 348; 1110 348 136; 1111 160 366; 1112 366 368; 1113 368 370;
1114 370 372; 1115 372 168; 1116 159 365; 1117 365 367; 1118 367 369;
1119 369 371; 1120 371 167; 1121 7 128; 1122 128 191; 1123 191 266;
1124 159 266; 1125 159 80; 1126 16 341; 1130 87 366; 1131 23 344; 1132 344 351;
1133 351 360; 1134 360 367; 1135 367 96; 1136 32 345; 1137 345 354;
1138 354 361; 1139 361 370; 1140 103 370; 1141 39 348; 1142 348 355;
1143 355 364; 1144 364 371; 1145 371 112; 1146 48 135; 1147 135 202;
1148 200 273; 1149 273 168; 1150 168 119; 1151 7 16; 1152 16 23; 1153 23 32;
1154 32 39; 1155 39 48; 1156 128 341; 1157 341 344; 1158 344 345; 1159 345 348;
1160 348 135; 1161 159 366; 1162 366 367; 1163 367 370; 1164 370 371;
1165 371 168; 1166 80 87; 1167 87 96; 1168 96 103; 1169 103 112; 1170 112 119;
1171 373 11; 1173 374 43; 1179 377 12; 1180 334 377; 1181 378 44; 1182 336 378;
1187 341 350; 1188 350 357; 1189 357 366; 1190 7 341; 1191 341 23; 1192 23 345;
1193 345 39; 1194 39 135; 1195 127 349; 1196 349 343; 1197 191 357;
1198 343 353; 1199 353 347; 1200 347 199; 1201 357 351; 1202 351 361;
1203 361 355; 1204 355 273; 1205 265 365; 1206 365 359; 1207 359 369;
1208 369 363; 1209 363 167; 1210 159 87; 1211 87 367; 1212 367 103;
1213 103 371; 1214 371 119; 1215 128 16; 1216 16 344; 1217 344 32; 1218 32 348;
1219 348 48; 1220 192 342; 1221 342 352; 1222 352 346; 1223 346 356;
1224 356 136; 1225 266 350; 1226 350 360; 1227 360 354; 1228 354 364;
1229 364 200; 1230 160 358; 1231 358 368; 1232 368 362; 1233 362 372;
1234 372 274; 1235 80 366; 1236 366 96; 1237 96 370; 1238 370 112;
1239 112 168; 1240 405 406; 1241 406 407; 1242 407 408; 1243 408 409;
1244 409 410; 1245 410 412; 1246 413 414; 1247 414 415; 1248 415 416;
1249 416 417; 1250 417 418; 1251 418 420; 1252 421 422; 1253 422 423;
1254 423 424; 1255 424 425; 1256 425 426; 1257 426 428; 1258 429 430;
1259 430 431; 1260 431 432; 1261 432 433; 1262 433 434; 1263 434 436;
1264 437 438; 1265 438 439; 1266 439 440; 1267 440 441; 1268 441 442;
1269 442 444; 1270 445 446; 1271 446 447; 1272 447 448; 1273 448 449;
1274 449 450; 1275 450 452; 1276 453 454; 1277 454 455; 1278 455 456;
1279 456 457; 1280 457 458; 1281 458 460; 1282 461 462; 1283 462 463;
1284 463 464; 1285 464 465; 1286 465 466; 1287 466 468; 1288 469 470;
1289 470 471; 1290 472 473; 1291 473 474; 1292 475 476; 1293 476 477;
1294 478 479; 1295 479 480; 1296 485 486; 1297 486 487; 1298 487 488;
1299 488 489; 1300 489 490; 1301 490 492; 1302 493 494; 1303 494 495;
1304 495 496; 1305 496 497; 1306 497 498; 1307 498 500; 1308 501 502;
1309 502 503; 1310 504 505; 1311 505 506; 1312 507 508; 1313 508 509;
1314 510 511; 1315 511 512; 1316 517 518; 1317 518 519; 1318 519 520;
1319 520 521; 1320 521 522; 1321 522 524; 1322 525 526; 1323 526 527;
1324 527 528; 1325 528 529; 1326 529 530; 1327 530 533; 1328 533 532;
1329 534 531; 1330 535 536; 1331 536 537; 1332 538 539; 1333 539 540;
1334 541 542; 1335 542 543; 1336 544 545; 1337 545 546; 1338 591 592;
1339 592 593; 1340 593 594; 1341 594 595; 1342 595 596; 1343 596 598;
1344 599 600; 1345 600 601; 1346 601 602; 1347 602 603; 1348 603 604;
1349 604 607; 1350 607 606; 1351 608 605; 1352 609 610; 1353 610 611;
1354 612 613; 1355 613 614; 1356 615 616; 1357 616 617; 1358 618 619;
1359 619 620; 1361 383 384; 1363 387 388; 1365 391 392; 1367 395 396;
1369 399 400; 1371 403 404; 1372 547 549; 1373 548 550; 1374 621 623;
1375 622 624; 1376 481 483; 1377 482 484; 1378 513 515; 1379 514 516;
1380 668 669; 1381 74 454; 1382 454 518; 1383 518 592; 1384 592 486;
1385 486 406; 1386 82 470; 1387 470 536; 1388 536 610; 1389 610 502;
1390 502 414; 1391 90 473; 1392 473 539; 1393 539 613; 1394 613 505;
1395 505 422; 1396 98 476; 1397 476 542; 1398 542 616; 1399 616 508;
1400 508 430; 1401 106 479; 1402 479 545; 1403 545 619; 1404 619 511;
1405 511 438; 1406 114 462; 1407 462 526; 1408 526 600; 1409 600 494;
1410 494 446; 1411 454 470; 1412 470 473; 1413 473 476; 1414 476 479;
1415 479 462; 1416 518 536; 1417 536 539; 1418 539 542; 1419 542 545;
1420 545 526; 1421 592 610; 1422 610 613; 1423 613 616; 1424 616 619;
1425 619 600; 1426 486 502; 1427 502 505; 1428 505 508; 1429 508 511;
1430 511 494; 1431 406 414; 1432 414 422; 1433 422 430; 1434 430 438;
1435 438 446; 1437 455 519; 1438 519 593; 1439 593 487; 1440 487 383;
1442 463 527; 1443 527 601; 1444 601 495; 1445 495 403; 1446 407 702;
1447 415 423; 1448 423 431; 1449 431 439; 1450 439 703; 1453 471 537;
1454 537 611; 1455 611 503; 1456 503 387; 1457 387 415; 1460 474 540;
1461 540 614; 1462 614 506; 1463 506 391; 1464 391 423; 1467 477 543;
1468 543 617; 1469 617 509; 1470 509 395; 1471 395 431; 1474 480 546;
1475 546 620; 1476 620 512; 1477 512 399; 1478 399 439; 1479 519 547;
1480 527 548; 1481 547 537; 1482 548 546; 1483 593 621; 1484 601 622;
1485 621 611; 1486 622 620; 1487 455 481; 1488 463 482; 1489 481 471;
1490 482 480; 1491 487 513; 1492 495 514; 1493 513 503; 1494 514 512;
1496 483 549; 1497 549 623; 1498 623 515; 1499 515 667; 1501 484 550;
1502 624 516; 1503 516 669; 1504 76 456; 1506 456 520; 1507 520 594;
1508 594 488; 1509 488 384; 1510 384 408; 1511 448 404; 1512 404 496;
1513 496 602; 1514 528 464; 1515 464 116; 1517 408 704; 1518 416 424;
1519 424 432; 1520 432 440; 1521 440 705; 1526 384 667; 1527 667 388;
1528 392 396; 1529 669 404; 1530 520 549; 1531 528 550; 1532 594 623;
1533 602 624; 1534 456 483; 1535 464 484; 1536 488 515; 1537 496 516;
1539 416 388; 1541 424 392; 1543 432 396; 1545 440 400; 1546 77 457;
1547 457 521; 1548 521 595; 1549 595 489; 1550 489 409; 1551 117 465;
1552 465 529; 1553 603 497; 1554 497 449; 1555 409 417; 1556 417 425;
1557 425 433; 1558 433 441; 1559 441 449; 1560 78 458; 1561 458 522;
1562 522 596; 1563 596 490; 1564 490 410; 1565 118 466; 1566 466 530;
1567 604 498; 1568 498 450; 1569 410 418; 1570 418 426; 1571 426 434;
1572 434 442; 1573 442 450; 1574 79 459; 1575 80 460; 1576 459 523;
1577 460 524; 1578 523 597; 1579 524 598; 1580 597 491; 1581 598 492;
1582 491 411; 1583 492 412; 1584 119 467; 1585 120 468; 1586 467 531;
1587 468 532; 1588 531 605; 1589 532 606; 1590 605 499; 1591 606 500;
1592 499 451; 1593 500 452; 1594 523 589; 1595 589 587; 1596 587 585;
1597 585 583; 1598 583 678; 1599 581 579; 1600 579 577; 1601 577 575;
1602 575 680; 1603 573 571; 1604 571 569; 1605 569 567; 1606 567 682;
1607 565 563; 1608 563 561; 1609 561 559; 1610 559 684; 1611 557 555;
1612 555 553; 1613 553 551; 1614 551 531; 1615 524 590; 1616 590 588;
1617 588 586; 1618 586 584; 1619 584 679; 1620 582 580; 1621 580 578;
1622 578 576; 1623 576 681; 1624 574 572; 1625 572 570; 1626 570 568;
1627 568 683; 1628 566 564; 1629 564 562; 1630 562 560; 1631 560 685;
1632 558 556; 1633 556 554; 1634 554 552; 1635 552 532; 1636 532 534;
1637 523 524; 1638 589 590; 1639 587 588; 1640 585 586; 1641 583 584;
1642 581 582; 1643 579 580; 1644 577 578; 1645 575 576; 1646 573 574;
1647 571 572; 1648 569 570; 1649 567 568; 1650 565 566; 1651 563 564;
1652 561 562; 1653 559 560; 1654 557 558; 1655 555 556; 1656 553 554;
1657 551 552; 1658 597 663; 1659 663 661; 1660 661 659; 1661 659 657;
1662 657 686; 1663 655 653; 1664 653 651; 1665 651 649; 1666 649 688;
1667 647 645; 1668 645 643; 1669 643 641; 1670 641 690; 1671 639 637;
1672 637 635; 1673 635 633; 1674 633 692; 1675 631 629; 1676 629 627;
1677 627 625; 1678 625 605; 1679 598 664; 1680 664 662; 1681 662 660;
1682 660 658; 1683 658 687; 1684 656 654; 1685 654 652; 1686 652 650;
1687 650 689; 1688 648 646; 1689 646 644; 1690 644 642; 1691 642 691;
1692 640 638; 1693 638 636; 1694 636 634; 1695 634 693; 1696 632 630;
1697 630 628; 1698 628 626; 1699 626 606; 1700 606 608; 1701 597 598;
1702 663 664; 1703 661 662; 1704 659 660; 1705 657 658; 1706 655 656;
1707 653 654; 1708 651 652; 1709 649 650; 1710 647 648; 1711 645 646;
1712 643 644; 1713 641 642; 1714 639 640; 1715 637 638; 1716 635 636;
1717 633 634; 1718 631 632; 1719 629 630; 1720 627 628; 1721 625 626;
1722 533 607; 1723 471 474; 1724 474 477; 1725 477 480; 1726 537 540;
1727 540 543; 1728 543 546; 1729 611 614; 1730 614 617; 1731 617 620;
1732 503 506; 1733 506 509; 1734 509 512; 1735 75 454; 1736 454 519;
1737 519 592; 1738 487 592; 1739 487 406; 1740 82 471; 1741 471 536;
1742 536 611; 1743 611 502; 1744 502 415; 1745 91 473; 1746 473 540;
1747 540 613; 1748 613 506; 1749 506 422; 1750 98 477; 1751 477 542;
1752 542 617; 1753 617 508; 1754 508 431; 1755 107 479; 1756 479 546;
1757 546 619; 1758 619 512; 1759 512 438; 1760 114 463; 1761 463 526;
1762 526 601; 1763 601 494; 1764 494 447; 1765 454 471; 1766 471 473;
1767 473 477; 1768 477 479; 1769 479 463; 1770 519 536; 1771 536 540;
1772 540 542; 1773 542 546; 1774 546 526; 1775 592 611; 1776 611 613;
1777 613 617; 1778 617 619; 1779 619 601; 1780 487 502; 1781 502 506;
1782 506 508; 1783 508 512; 1784 512 494; 1785 412 420; 1786 420 428;
1787 428 436; 1788 436 444; 1789 444 452; 1790 411 419; 1791 419 427;
1792 427 435; 1793 435 443; 1794 443 451; 1795 452 442; 1796 442 448;
1797 448 437; 1798 444 434; 1799 434 440; 1800 440 429; 1801 436 426;
1802 426 432; 1803 432 421; 1804 428 418; 1805 418 424; 1806 424 413;
1807 420 410; 1808 410 416; 1809 416 405; 1810 80 458; 1811 458 76;
1812 76 453; 1813 460 522; 1814 522 456; 1815 456 517; 1816 524 596;
1817 596 520; 1818 520 591; 1819 598 490; 1820 490 594; 1821 594 485;
1822 492 410; 1823 410 488; 1824 488 405; 1825 608 533; 1826 468 118;
1827 118 464; 1828 464 113; 1829 534 466; 1830 466 528; 1831 528 461;
1832 500 604; 1833 604 496; 1834 496 599; 1835 452 498; 1836 498 448;
1837 493 448; 1839 383 407; 1841 388 392; 1843 396 400; 1845 400 669;
1847 403 447; 1848 412 411; 1849 420 419; 1850 428 427; 1851 436 435;
1852 444 443; 1853 452 451; 1854 460 459; 1855 468 467; 1856 492 491;
1857 500 499; 1858 87 670; 1859 88 671; 1860 95 672; 1861 96 673; 1862 103 674;
1863 104 675; 1864 111 676; 1865 112 677; 1866 671 670; 1867 673 672;
1868 675 674; 1869 677 676; 1870 678 581; 1871 670 678; 1872 679 582;
1873 671 679; 1874 680 573; 1875 672 680; 1876 681 574; 1877 673 681;
1878 682 565; 1879 674 682; 1880 683 566; 1881 675 683; 1882 684 557;
1883 676 684; 1884 685 558; 1885 677 685; 1886 679 678; 1887 681 680;
1888 683 682; 1889 685 684; 1890 686 655; 1891 678 686; 1892 687 656;
1893 679 687; 1894 688 647; 1895 680 688; 1896 689 648; 1897 681 689;
1898 690 639; 1899 682 690; 1900 691 640; 1901 683 691; 1902 692 631;
1903 684 692; 1904 693 632; 1905 685 693; 1906 687 686; 1907 689 688;
1908 691 690; 1909 693 692; 1910 686 694; 1911 687 695; 1912 688 696;
1913 689 697; 1914 690 698; 1915 691 699; 1916 692 700; 1917 693 701;
1918 695 694; 1919 697 696; 1920 699 698; 1921 701 700; 1922 694 419;
1923 695 420; 1924 696 427; 1925 697 428; 1926 698 435; 1927 699 436;
1928 700 443; 1929 701 444; 1930 459 670; 1931 670 672; 1932 674 672;
1933 674 676; 1934 676 467; 1935 460 671; 1936 671 673; 1937 673 675;
1938 675 677; 1939 677 468; 1940 492 695; 1941 695 697; 1942 697 699;
1943 699 701; 1944 701 500; 1945 491 694; 1946 694 696; 1947 696 698;
1948 698 700; 1949 700 499; 1950 79 460; 1951 460 523; 1952 523 598;
1953 491 598; 1954 491 412; 1955 88 670; 1956 419 695; 1957 95 673;
1958 673 680; 1959 680 689; 1960 689 696; 1961 696 428; 1962 104 674;
1963 674 683; 1964 683 690; 1965 690 699; 1966 435 699; 1967 111 677;
1968 677 684; 1969 684 693; 1970 693 700; 1971 700 444; 1972 120 467;
1973 467 534; 1974 532 605; 1975 605 500; 1976 500 451; 1977 460 670;
1978 670 673; 1979 673 674; 1980 674 677; 1981 677 467; 1982 491 695;
1983 695 696; 1984 696 699; 1985 699 700; 1986 700 500; 1987 412 419;
1988 419 428; 1989 428 435; 1990 435 444; 1991 444 451; 1992 702 415;
1993 703 447; 1996 704 416; 1997 667 704; 1998 705 448; 1999 669 705;
2000 670 679; 2001 679 686; 2002 686 695; 2003 79 670; 2004 670 95;
2005 95 674; 2006 674 111; 2007 111 467; 2008 459 678; 2009 678 672;
2010 523 686; 2011 672 682; 2012 682 676; 2013 676 531; 2014 686 680;
2015 680 690; 2016 690 684; 2017 684 605; 2018 597 694; 2019 694 688;
2020 688 698; 2021 698 692; 2022 692 499; 2023 491 419; 2024 419 696;
2025 696 435; 2026 435 700; 2027 700 451; 2028 460 88; 2029 88 673;
2030 673 104; 2031 104 677; 2032 677 120; 2033 524 671; 2034 671 681;
2035 681 675; 2036 675 685; 2037 685 468; 2038 598 679; 2039 679 689;
2040 689 683; 2041 683 693; 2042 693 532; 2043 492 687; 2044 687 697;
2045 697 691; 2046 691 701; 2047 701 606; 2048 412 695; 2049 695 428;
2050 428 699; 2051 699 444; 2052 444 500; 2053 706 483; 2054 706 76;
2055 707 484; 2056 707 116; 2057 115 709; 2058 107 99; 2059 99 91; 2060 91 83;
2061 83 708; 2062 83 82; 2063 91 90; 2064 114 106; 2065 106 98; 2066 98 90;
2067 90 82; 2068 82 74; 2069 74 83; 2070 83 90; 2071 90 99; 2072 99 98;
2073 99 106; 2074 106 115; 2075 107 106; 2076 155 75; 2077 75 455; 2078 171 83;
2079 83 471; 2080 174 91; 2081 91 474; 2082 177 99; 2083 99 477; 2084 180 107;
2085 107 480; 2086 163 115; 2087 115 463; 2088 708 75; 2089 706 708;
2090 709 107; 2091 707 709;
DEFINE MATERIAL START
ISOTROPIC STEEL
E 1.99947e+08
POISSON 0.3
DENSITY 76.8191
ALPHA 6.5e-06
DAMP 0.03
G 7.7221e+07
TYPE STEEL
STRENGTH RY 1.5 RT 1.2
END DEFINE MATERIAL
MEMBER PROPERTY BRITISH
1 TO 42 67 TO 157 159 161 163 165 167 169 TO 176 187 TO 241 247 TO 250 252 -
253 TO 255 257 TO 261 267 TO 271 274 TO 278 281 TO 285 288 TO 292 295 TO 310 -
329 TO 335 337 338 347 TO 352 354 356 358 359 361 TO 366 372 TO 375 -
382 TO 390 392 394 396 398 TO 404 406 TO 412 418 TO 424 426 TO 432 -
444 TO 463 484 TO 547 553 TO 616 642 TO 644 649 TO 651 656 TO 658 -
663 TO 665 670 TO 672 764 853 TO 894 900 TO 919 925 TO 944 960 TO 994 997 -
1001 1005 1008 1011 TO 1020 1029 TO 1126 1130 TO 1171 1173 1179 TO 1182 -
1187 TO 1359 1361 1363 1365 1367 1369 1371 TO 1435 1437 TO 1440 -
1442 TO 1450 1453 TO 1457 1460 TO 1464 1467 TO 1471 1474 TO 1494 -
1496 TO 1499 1501 TO 1504 1506 TO 1515 1517 TO 1521 1526 TO 1537 1539 1541 -
1543 1545 TO 1837 1839 1841 1843 1845 1847 TO 1993 1996 TO 2090 -
2091 TABLE ST PIP483.6
CONSTANTS
MATERIAL STEEL ALL
MEMBER RELEASE
642 TO 644 649 TO 651 656 TO 658 663 TO 665 670 TO 672 865 TO 894 900 TO 919 -
960 TO 987 1151 TO 1170 1190 TO 1239 1735 TO 1784 1795 TO 1837 1977 TO 1991 -
2003 TO 2052 2069 TO 2071 2073 2074 START MX MY MZ
642 TO 644 649 TO 651 656 TO 658 663 TO 665 670 TO 672 865 TO 894 900 TO 919 -
960 TO 987 1151 TO 1170 1190 TO 1239 1735 TO 1784 1795 TO 1837 1977 TO 1991 -
2003 TO 2052 2069 TO 2071 2073 2074 END MX MY MZ
SUPPORTS
1 9 17 25 33 41 53 57 61 65 73 113 121 129 137 140 143 146 149 150 153 161 -
169 172 175 178 181 182 185 193 203 206 209 212 215 216 259 267 277 280 283 -
286 289 290 387 391 395 399 405 413 421 429 437 445 453 461 469 472 475 478 -
481 482 485 493 501 504 507 510 513 514 517 525 535 538 541 544 547 548 591 -
599 609 612 615 618 621 622 668 708 -
709 FIXED BUT MX MY MZ KFX 16.722 KFZ 16.722
LOAD 1 LOADTYPE Dead  TITLE DL
SELFWEIGHT Y -1.1 LIST ALL
LOAD 2 LOADTYPE Live  TITLE LL
MEMBER LOAD
257 TO 261 1171 1173 1446 TO 1450 1992 1993 UNI GY -0.72
303 TO 306 853 TO 855 1491 TO 1494 1732 TO 1734 UNI GY -1.665
295 TO 302 307 TO 310 856 TO 864 1479 TO 1490 1723 TO 1731 2057 TO 2061 2088 -
2090 UNI GY -1.89
329 TO 335 337 338 348 TO 352 354 356 358 359 363 TO 366 373 374 997 1001 -
1005 1179 1496 TO 1499 1501 TO 1504 1506 TO 1509 1512 TO 1515 1518 TO 1521 -
1527 1528 1841 1843 1845 1996 2053 2055 UNI GY -0.75
485 TO 504 554 TO 556 558 TO 573 940 TO 944 1041 1045 1049 1053 1061 1065 -
1069 1073 1116 TO 1120 1595 TO 1597 1599 TO 1614 1659 TO 1661 1663 TO 1678 -
1870 1874 1878 1882 1890 1894 1898 1902 1930 TO 1934 UNI GY -0.504
930 TO 934 1790 TO 1794 UNI GY -0.192
1101 TO 1105 1945 TO 1949 UNI GY -0.444
LOAD 3 LOADTYPE Wind  TITLE WLX
MEMBER LOAD
1 TO 6 988 UNI GX 0.564
7 TO 12 989 UNI GX 1.305
13 TO 30 990 TO 992 UNI GX 1.482
31 TO 36 993 UNI GX 0.741
LOAD 4 LOADTYPE Wind  TITLE WLY
MEMBER LOAD
930 TO 934 1790 TO 1794 UNI GY 0.564
1101 TO 1105 1945 TO 1949 UNI GY 1.305
485 TO 504 554 TO 556 558 TO 573 940 TO 944 1041 1045 1049 1053 1061 1065 -
1069 1073 1116 TO 1120 1595 TO 1597 1599 TO 1614 1659 TO 1661 1663 TO 1678 -
1870 1874 1878 1882 1890 1894 1898 1902 1930 TO 1934 UNI GY 1.482
LOAD 5 LOADTYPE Wind  TITLE WLZ
MEMBER LOAD
1 TO 6 988 1240 TO 1245 1848 UNI GZ 0.564
73 TO 78 1017 1296 TO 1301 1856 UNI GZ 1.305
37 TO 42 93 TO 98 113 TO 118 135 TO 140 527 596 1011 1019 1276 TO 1281 1316 -
1317 TO 1321 1338 TO 1343 1637 1701 1854 UNI GZ 1.482
LOAD COMB 6 SLS DL + LL
1 1.0 2 1.0 
LOAD COMB 7 SLS DL + WLX
1 1.0 3 1.0 
LOAD COMB 8 SLS DL + WLZ
1 1.0 5 1.0 
LOAD COMB 9 SLS DL + WLY
1 1.0 4 1.0 
LOAD COMB 10 SLS DL + LL + WLX
1 1.0 2 1.0 3 1.0 
LOAD COMB 11 SLS DL + LL + WLZ
1 1.0 2 1.0 5 1.0 
LOAD COMB 12 SLS DL + LL + WLY
1 1.0 2 1.0 4 1.0 
LOAD COMB 13 ULS 1.5DL + 1.5LL
1 1.5 2 1.5 
LOAD COMB 14 ULS 1.5DL + 1.5WLX
1 1.5 3 1.5 
LOAD COMB 15 ULS 1.5DL + 1.5WLZ
1 1.5 5 1.5 
LOAD COMB 16 ULS 1.5DL + 1.5WLY
1 1.5 4 1.5 
LOAD COMB 17 ULS DL + 1.5WLX
1 1.0 3 1.5 
LOAD COMB 18 ULS DL + 1.5WLZ
1 1.0 5 1.5 
LOAD COMB 19 ULS DL + 1.5WLY
1 1.0 4 1.5 
LOAD COMB 20 ULS 1.5DL + 1.5LL + 1.5WLX
1 1.5 2 1.5 3 1.5 
LOAD COMB 21 ULS 1.5DL + 1.5LL + 1.5WLZ
1 1.5 2 1.5 5 1.5 
LOAD COMB 22 ULS 1.5DL + 1.5LL + 1.5WLY
1 1.5 2 1.5 4 1.5 
PERFORM ANALYSIS PRINT STATICS CHECK
PRINT SUPPORT REACTION
PRINT MEMBER FORCES
PARAMETER 1
CODE EN 1993-1-1:2005
PY 235000 ALL
GM0 1.1 ALL
GM1 1.1 ALL
CHECK CODE ALL
FINISH